20
0.31432326515758335 0.028490857326846086
0.7817844208871538 4.449518409704999
1.6106800384383702 9.039861044951436
1.7129742974124607 5.5765379872152625
2.6768413151824944 6.758441138729259
2.895675560812446 3.673467276086466
3.5123396029173826 7.377459870958348
4.876184325706989 4.718199465574119
5.440079592350044 8.78879261847716
5.924094325143515 2.4873998109979425
6.123873904761412 8.139330941627689
6.428128720905027 6.8884108498502625
6.925757551268184 0.4731682101692991
7.224904841587522 8.91995015914796
7.765378043422292 8.39005952372206
8.290901830717644 1.2762063485143504
8.389561185664686 7.514404972748229
9.601152657909385 0.3824590019699825
9.639096428250769 7.658900212605465
9.69501271884285 3.4989856611438896
